0 0.05
0 0.1
0 0.15000000000000002
0 0.2
0 0.25
0 0.3
0 0.35
0 0.39999999999999997
0 0.44999999999999996
0 0.49999999999999994
0 0.5499999999999999
0 0.6
0 0.65
0 0.7000000000000001
0 0.7500000000000001
0 0.8000000000000002
0 0.8500000000000002
0 0.9000000000000002
0 0.9500000000000003
0 1.0000000000000002
0 1.0500000000000003
0 1.1000000000000003
0 1.1500000000000004
0 1.2000000000000004
0 1.2500000000000004
0 1.3000000000000005
0 1.3500000000000005
0 1.4000000000000006
0 1.4500000000000006
0 1.5000000000000007
0 1.5500000000000007
0 1.6000000000000008
0 1.6500000000000008
0 1.7000000000000008
0 1.7500000000000009
0 1.800000000000001
0 1.850000000000001
0 1.900000000000001
0 1.950000000000001
0 2.000000000000001
0 2.0500000000000007
0 2.1000000000000005
0 2.1500000000000004
0 2.2
0 2.25
0 2.3
0 2.3499999999999996
0 2.3999999999999995
0 2.4499999999999993
0 2.499999999999999
0 2.549999999999999
0 2.5999999999999988
0 2.6499999999999986
0 2.6999999999999984
0 2.7499999999999982
0 2.799999999999998
0 2.849999999999998
0 2.8999999999999977
0 2.9499999999999975
0 2.9999999999999973
0 3.049999999999997
0 3.099999999999997
0 3.149999999999997
0 3.1999999999999966
0 3.2499999999999964
0 3.2999999999999963
0 3.349999999999996
0 3.399999999999996
0 3.4499999999999957
0 3.4999999999999956
0 3.5499999999999954
0 3.599999999999995
0 3.649999999999995
0 3.699999999999995
0 3.7499999999999947
0 3.7999999999999945
0 3.8499999999999943
0 3.899999999999994
0 3.949999999999994
0 3.999999999999994
0 4.049999999999994
0 4.099999999999993
0 4.149999999999993
0 4.199999999999993
0 4.249999999999993
0 4.299999999999993
0 4.3499999999999925
0 4.399999999999992
0 4.449999999999992
0 4.499999999999992
0 4.549999999999992
0 4.599999999999992
0 4.6499999999999915
0 4.699999999999991
0 4.749999999999991
0 4.799999999999991
0 4.849999999999991
0 4.899999999999991
0 4.94999999999999
0 4.99999999999999
0 5.04999999999999
0 5.09999999999999
0 5.14999999999999
0 5.1999999999999895
0 5.249999999999989
0 5.299999999999989
0 5.349999999999989
0 5.399999999999989
0 5.449999999999989
0 5.4999999999999885
0 5.549999999999988
0 5.599999999999988
0 5.649999999999988
0 5.699999999999988
0 5.749999999999988
0 5.799999999999987
0 5.849999999999987
0 5.899999999999987
0 5.949999999999987
0 5.999999999999987
0 6.0499999999999865
0 6.099999999999986
0 6.149999999999986
0 6.199999999999986
0 6.249999999999986
0 6.299999999999986
0 6.349999999999985
0 6.399999999999985
0 6.449999999999985
0 6.499999999999985
0 6.549999999999985
0 6.5999999999999845
0 6.649999999999984
0 6.699999999999984
0 6.749999999999984
0 6.799999999999984
0 6.849999999999984
0 6.8999999999999835
0 6.949999999999983
0 6.999999999999983
0 7.049999999999983
0 7.099999999999983
0 7.149999999999983
0 7.199999999999982
0 7.249999999999982
0 7.299999999999982
0 7.349999999999982
0 7.399999999999982
0 7.4499999999999815
0 7.499999999999981
0 7.549999999999981
0 7.599999999999981
0 7.649999999999981
0 7.699999999999981
0 7.7499999999999805
0 7.79999999999998
0 7.84999999999998
0 7.89999999999998
0 7.94999999999998
0 7.99999999999998
0 8.04999999999998
0 8.09999999999998
0 8.14999999999998
0 8.199999999999982
0 8.249999999999982
0 8.299999999999983
0 8.349999999999984
0 8.399999999999984
0 8.449999999999985
0 8.499999999999986
0 8.549999999999986
0 8.599999999999987
0 8.649999999999988
0 8.699999999999989
0 8.74999999999999
0 8.79999999999999
0 8.84999999999999
0 8.899999999999991
0 8.949999999999992
0 8.999999999999993
0 9.049999999999994
0 9.099999999999994
0 9.149999999999995
0 9.199999999999996
0 9.249999999999996
0 9.299999999999997
-0.05 9.25
-0.1 9.25
-0.15000000000000002 9.25
-0.2 9.25
-0.25 9.25
-0.3 9.25
-0.35 9.25
-0.39999999999999997 9.25
-0.44999999999999996 9.25
-0.49999999999999994 9.25
-0.5499999999999999 9.25
-0.6 9.25
-0.65 9.25
-0.7000000000000001 9.25
-0.7500000000000001 9.25
-0.8000000000000002 9.25
-0.8500000000000002 9.25
-0.9000000000000002 9.25
-0.9500000000000003 9.25
-1.0000000000000002 9.25
-1.0500000000000003 9.25
-1.1000000000000003 9.25
-1.1500000000000004 9.25
-1.2000000000000004 9.25
-1.2500000000000004 9.25
-1.3000000000000005 9.25
-1.3500000000000005 9.25
-1.4000000000000006 9.25
-1.4500000000000006 9.25
-1.5000000000000007 9.25
-1.5500000000000007 9.25
-1.6000000000000008 9.25
-1.6500000000000008 9.25
-1.7000000000000008 9.25
-1.7500000000000009 9.25
-1.800000000000001 9.25
-1.850000000000001 9.25
-1.900000000000001 9.25
-1.950000000000001 9.25
-2.000000000000001 9.25
-2.0500000000000007 9.25
-2.1000000000000005 9.25
-2.1500000000000004 9.25
-2.2 9.25
-2.25 9.25
-2.3 9.25
-2.3499999999999996 9.25
-2.3999999999999995 9.25
-2.4499999999999993 9.25
-2.499999999999999 9.25
-2.549999999999999 9.25
-2.5999999999999988 9.25
-2.6499999999999986 9.25
-2.6999999999999984 9.25
-2.7499999999999982 9.25
-2.799999999999998 9.25
-2.849999999999998 9.25
-2.8999999999999977 9.25
-2.9499999999999975 9.25
-2.9999999999999973 9.25
-3.049999999999997 9.25
-3.099999999999997 9.25
-3.149999999999997 9.25
-3.1999999999999966 9.25
-3.2499999999999964 9.25
-3.2999999999999963 9.25
-3.349999999999996 9.25
-3.399999999999996 9.25
-3.4499999999999957 9.25
-3.4999999999999956 9.25
-3.5499999999999954 9.25
-3.599999999999995 9.25
-3.649999999999995 9.25
-3.699999999999995 9.25
-3.7499999999999947 9.25
-3.7999999999999945 9.25
-3.8499999999999943 9.25
-3.899999999999994 9.25
-3.949999999999994 9.25
-3.999999999999994 9.25
-4.049999999999994 9.25
-4.099999999999993 9.25
-4.149999999999993 9.25
-4.199999999999993 9.25
-4.249999999999993 9.25
-4.299999999999993 9.25
-4.25 9.2
-4.25 9.149999999999999
-4.25 9.099999999999998
-4.25 9.049999999999997
-4.25 8.999999999999996
-4.25 8.949999999999996
-4.25 8.899999999999995
-4.25 8.849999999999994
-4.25 8.799999999999994
-4.25 8.749999999999993
-4.25 8.699999999999992
-4.25 8.649999999999991
-4.25 8.59999999999999
-4.25 8.54999999999999
-4.25 8.49999999999999
-4.25 8.449999999999989
-4.25 8.399999999999988
-4.25 8.349999999999987
-4.25 8.299999999999986
-4.25 8.249999999999986
-4.25 8.199999999999985
-4.25 8.149999999999984
-4.25 8.099999999999984
-4.25 8.049999999999983
-4.25 7.999999999999983
-4.25 7.949999999999983
-4.25 7.8999999999999835
-4.25 7.849999999999984
-4.25 7.799999999999984
-4.25 7.749999999999984
-4.25 7.699999999999984
-4.25 7.649999999999984
-4.25 7.5999999999999845
-4.25 7.549999999999985
-4.25 7.499999999999985
-4.25 7.449999999999985
-4.25 7.399999999999985
-4.25 7.349999999999985
-4.25 7.299999999999986
-4.25 7.249999999999986
-4.25 7.199999999999986
-4.25 7.149999999999986
-4.25 7.099999999999986
-4.25 7.0499999999999865
-4.25 6.999999999999987
-4.25 6.949999999999987
-4.25 6.899999999999987
-4.25 6.849999999999987
-4.25 6.799999999999987
-4.25 6.749999999999988
-4.25 6.699999999999988
-4.25 6.649999999999988
-4.25 6.599999999999988
-4.25 6.549999999999988
-4.25 6.4999999999999885
-4.25 6.449999999999989
-4.25 6.399999999999989
-4.25 6.349999999999989
-4.25 6.299999999999989
-4.25 6.249999999999989
-4.25 6.1999999999999895
-4.25 6.14999999999999
-4.25 6.09999999999999
-4.25 6.04999999999999
-4.25 5.99999999999999
-4.25 5.94999999999999
-4.25 5.899999999999991
-4.25 5.849999999999991
-4.25 5.799999999999991
-4.25 5.749999999999991
-4.25 5.699999999999991
-4.25 5.6499999999999915
-4.25 5.599999999999992
-4.25 5.549999999999992
-4.25 5.499999999999992
-4.25 5.449999999999992
-4.25 5.399999999999992
-4.25 5.3499999999999925
-4.25 5.299999999999993
-4.25 5.249999999999993
-4.25 5.199999999999993
-4.25 5.149999999999993
-4.25 5.099999999999993
-4.25 5.049999999999994
-4.25 4.999999999999994
-4.25 4.949999999999994
-4.25 4.899999999999994
-4.25 4.849999999999994
-4.25 4.7999999999999945
-4.25 4.749999999999995
-4.25 4.699999999999995
-4.25 4.649999999999995
-4.25 4.599999999999995
-4.25 4.549999999999995
-4.25 4.499999999999996
-4.25 4.449999999999996
-4.25 4.399999999999996
-4.25 4.349999999999996
-4.25 4.299999999999996
-4.25 4.2499999999999964
-4.25 4.199999999999997
-4.25 4.149999999999997
-4.25 4.099999999999997
-4.25 4.049999999999997
-4.25 3.9999999999999973
-4.25 3.9499999999999975
-4.25 3.8999999999999977
-4.25 3.849999999999998
-4.25 3.799999999999998
-4.25 3.7499999999999982
-4.25 3.6999999999999984
-4.25 3.6499999999999986
-4.25 3.5999999999999988
-4.25 3.549999999999999
-4.25 3.499999999999999
-4.25 3.4499999999999993
-4.25 3.3999999999999995
-4.25 3.3499999999999996
-4.25 3.3
-4.25 3.25
-4.25 3.2
-4.25 3.1500000000000004
-4.25 3.1000000000000005
-4.25 3.0500000000000007
-4.25 3.000000000000001
-4.25 2.950000000000001
-4.25 2.9000000000000012
-4.25 2.8500000000000014
-4.25 2.8000000000000016
-4.25 2.7500000000000018
-4.25 2.700000000000002
-4.25 2.650000000000002
-4.25 2.6000000000000023
-4.25 2.5500000000000025
-4.25 2.5000000000000027
-4.25 2.450000000000003
-4.25 2.400000000000003
-4.25 2.350000000000003
-4.25 2.3000000000000034
-4.25 2.2500000000000036
-4.25 2.2000000000000037
-4.25 2.150000000000004
-4.25 2.100000000000004
-4.25 2.0500000000000043
-4.25 2.0000000000000044
-4.25 1.9500000000000044
-4.25 1.9000000000000044
-4.25 1.8500000000000043
-4.25 1.8000000000000043
-4.25 1.7500000000000042
-4.25 1.7000000000000042
-4.25 1.6500000000000041
-4.25 1.600000000000004
-4.25 1.550000000000004
-4.25 1.500000000000004
-4.25 1.450000000000004
-4.25 1.400000000000004
-4.25 1.3500000000000039
-4.25 1.3000000000000038
-4.25 1.2500000000000038
-4.25 1.2000000000000037
-4.25 1.1500000000000037
-4.25 1.1000000000000036
-4.25 1.0500000000000036
-4.25 1.0000000000000036
-4.25 0.9500000000000035
-4.25 0.9000000000000035
-4.25 0.8500000000000034
-4.25 0.8000000000000034
-4.25 0.7500000000000033
-4.25 0.7000000000000033
-4.25 0.6500000000000032
-4.25 0.6000000000000032
-4.25 0.5500000000000032
-4.25 0.5000000000000031
-4.25 0.4500000000000031
-4.25 0.40000000000000313
-4.25 0.35000000000000314
-4.25 0.30000000000000315
-4.25 0.25000000000000316
-4.25 0.20000000000000318
-4.25 0.1500000000000032
-4.25 0.10000000000000318
-4.25 0.05000000000000318
-4.25 3.1780134079895106e-15
-4.25 -0.049999999999996825
