-0.5 0.05
-0.5 0.1
-0.5 0.15000000000000002
-0.5 0.2
-0.5 0.25
-0.5 0.3
-0.5 0.35
-0.5 0.39999999999999997
-0.5 0.44999999999999996
-0.5 0.49999999999999994
-0.5 0.5499999999999999
-0.5 0.6
-0.5 0.65
-0.5 0.7000000000000001
-0.5 0.7500000000000001
-0.5 0.8000000000000002
-0.5 0.8500000000000002
-0.5 0.9000000000000002
-0.5 0.9500000000000003
-0.5 1.0000000000000002
-0.5 1.0500000000000003
-0.5 1.1000000000000003
-0.5 1.1500000000000004
-0.5 1.2000000000000004
-0.5 1.2500000000000004
-0.5 1.3000000000000005
-0.5 1.3500000000000005
-0.5 1.4000000000000006
-0.5 1.4500000000000006
-0.5 1.5000000000000007
-0.5 1.5500000000000007
-0.5 1.6000000000000008
-0.5 1.6500000000000008
-0.5 1.7000000000000008
-0.5 1.7500000000000009
-0.5 1.800000000000001
-0.5 1.850000000000001
-0.5 1.900000000000001
-0.5 1.950000000000001
-0.5 2.000000000000001
-0.5 2.0500000000000007
-0.5 2.1000000000000005
-0.5 2.1500000000000004
-0.5 2.2
-0.5 2.25
-0.5 2.3
-0.5 2.3499999999999996
-0.5 2.3999999999999995
-0.5 2.4499999999999993
-0.5 2.499999999999999
-0.5 2.549999999999999
-0.5 2.5999999999999988
-0.5 2.6499999999999986
-0.5 2.6999999999999984
-0.5 2.7499999999999982
-0.5 2.799999999999998
-0.5 2.849999999999998
-0.5 2.8999999999999977
-0.5 2.9499999999999975
-0.5 2.9999999999999973
-0.5 3.049999999999997
-0.5 3.099999999999997
-0.5 3.149999999999997
-0.5 3.1999999999999966
-0.5 3.2499999999999964
-0.5 3.2999999999999963
-0.5 3.349999999999996
-0.5 3.399999999999996
-0.5 3.4499999999999957
-0.5 3.4999999999999956
-0.5 3.5499999999999954
-0.5 3.599999999999995
-0.5 3.649999999999995
-0.5 3.699999999999995
-0.5 3.7499999999999947
-0.5 3.7999999999999945
-0.5 3.8499999999999943
-0.5 3.899999999999994
-0.5 3.949999999999994
-0.5 3.999999999999994
-0.5 4.049999999999994
-0.5 4.099999999999993
-0.5 4.149999999999993
-0.5 4.199999999999993
-0.5 4.249999999999993
-0.5 4.299999999999993
-0.5 4.3499999999999925
-0.5 4.399999999999992
-0.5 4.449999999999992
-0.5 4.499999999999992
-0.5 4.549999999999992
-0.5 4.599999999999992
-0.5 4.6499999999999915
-0.5 4.699999999999991
-0.5 4.749999999999991
-0.5 4.799999999999991
-0.5 4.849999999999991
-0.5 4.899999999999991
-0.5 4.94999999999999
-0.5 4.99999999999999
-0.5 5.04999999999999
-0.5 5.09999999999999
-0.5 5.14999999999999
-0.5 5.1999999999999895
-0.5 5.249999999999989
-0.5 5.299999999999989
-0.5 5.349999999999989
-0.5 5.399999999999989
-0.5 5.449999999999989
-0.5 5.4999999999999885
-0.5 5.549999999999988
-0.5 5.599999999999988
-0.5 5.649999999999988
-0.5 5.699999999999988
-0.5 5.749999999999988
-0.5 5.799999999999987
-0.5 5.849999999999987
-0.5 5.899999999999987
-0.5 5.949999999999987
-0.5 5.999999999999987
-0.5 6.0499999999999865
-0.5 6.099999999999986
-0.5 6.149999999999986
-0.5 6.199999999999986
-0.5 6.249999999999986
-0.5 6.299999999999986
-0.5 6.349999999999985
-0.5 6.399999999999985
-0.5 6.449999999999985
-0.5 6.499999999999985
-0.5 6.549999999999985
-0.5 6.5999999999999845
-0.5 6.649999999999984
-0.5 6.699999999999984
-0.5 6.749999999999984
-0.5 6.799999999999984
-0.5 6.849999999999984
-0.5 6.8999999999999835
-0.5 6.949999999999983
-0.5 6.999999999999983
-0.5 7.049999999999983
-0.5 7.099999999999983
-0.5 7.149999999999983
-0.5 7.199999999999982
-0.5 7.249999999999982
-0.5 7.299999999999982
-0.5 7.349999999999982
-0.5 7.399999999999982
-0.5 7.4499999999999815
-0.5 7.499999999999981
-0.5 7.549999999999981
-0.5 7.599999999999981
-0.5 7.649999999999981
-0.5 7.699999999999981
-0.5 7.7499999999999805
-0.5 7.79999999999998
-0.5 7.84999999999998
-0.5 7.89999999999998
-0.5 7.94999999999998
-0.5 7.99999999999998
-0.5 8.04999999999998
-0.5 8.09999999999998
-0.5 8.14999999999998
-0.5 8.199999999999982
-0.5 8.249999999999982
-0.5 8.299999999999983
-0.5 8.349999999999984
-0.5 8.399999999999984
-0.5 8.449999999999985
-0.5 8.499999999999986
-0.5 8.549999999999986
-0.5 8.599999999999987
-0.5 8.649999999999988
-0.5 8.699999999999989
-0.5 8.74999999999999
-0.5 8.79999999999999
-0.5 8.84999999999999
-0.5 8.899999999999991
-0.5 8.949999999999992
-0.5 8.999999999999993
-0.5 9.049999999999994
-0.5 9.099999999999994
-0.5 9.149999999999995
-0.5 9.199999999999996
-0.5 9.249999999999996
-0.5 9.299999999999997
-0.55 9.25
-0.6000000000000001 9.25
-0.6500000000000001 9.25
-0.7000000000000002 9.25
-0.7500000000000002 9.25
-0.8000000000000003 9.25
-0.8500000000000003 9.25
-0.9000000000000004 9.25
-0.9500000000000004 9.25
-1.0000000000000004 9.25
-1.0500000000000005 9.25
-1.1000000000000005 9.25
-1.1500000000000006 9.25
-1.2000000000000006 9.25
-1.2500000000000007 9.25
-1.3000000000000007 9.25
-1.3500000000000008 9.25
-1.4000000000000008 9.25
-1.4500000000000008 9.25
-1.5000000000000009 9.25
-1.550000000000001 9.25
-1.600000000000001 9.25
-1.650000000000001 9.25
-1.700000000000001 9.25
-1.750000000000001 9.25
-1.8000000000000012 9.25
-1.8500000000000012 9.25
-1.9000000000000012 9.25
-1.9500000000000013 9.25
-2.0000000000000013 9.25
-2.050000000000001 9.25
-2.100000000000001 9.25
-2.150000000000001 9.25
-2.2000000000000006 9.25
-2.2500000000000004 9.25
-2.3000000000000003 9.25
-2.35 9.25
-2.4 9.25
-2.4499999999999997 9.25
-2.4999999999999996 9.25
-2.5499999999999994 9.25
-2.599999999999999 9.25
-2.649999999999999 9.25
-2.699999999999999 9.25
-2.7499999999999987 9.25
-2.7999999999999985 9.25
-2.8499999999999983 9.25
-2.899999999999998 9.25
-2.949999999999998 9.25
-2.999999999999998 9.25
-3.0499999999999976 9.25
-3.0999999999999974 9.25
-3.1499999999999972 9.25
-3.199999999999997 9.25
-3.249999999999997 9.25
-3.2999999999999967 9.25
-3.3499999999999965 9.25
-3.3999999999999964 9.25
-3.449999999999996 9.25
-3.499999999999996 9.25
-3.549999999999996 9.25
-3.5999999999999956 9.25
-3.6499999999999955 9.25
-3.6999999999999953 9.25
-3.749999999999995 9.25
-3.799999999999995 9.25
-3.8499999999999948 9.25
-3.8999999999999946 9.25
-3.9499999999999944 9.25
-3.9999999999999942 9.25
-4.0499999999999945 9.25
-4.099999999999994 9.25
-4.149999999999994 9.25
-4.199999999999994 9.25
-4.249999999999994 9.25
-4.299999999999994 9.25
-4.349999999999993 9.25
-4.399999999999993 9.25
-4.449999999999993 9.25
-4.499999999999993 9.25
-4.549999999999993 9.25
-4.5999999999999925 9.25
-4.649999999999992 9.25
-4.699999999999992 9.25
-4.749999999999992 9.25
-4.799999999999992 9.25
-4.75 9.2
-4.75 9.149999999999999
-4.75 9.099999999999998
-4.75 9.049999999999997
-4.75 8.999999999999996
-4.75 8.949999999999996
-4.75 8.899999999999995
-4.75 8.849999999999994
-4.75 8.799999999999994
-4.75 8.749999999999993
-4.75 8.699999999999992
-4.75 8.649999999999991
-4.75 8.59999999999999
-4.75 8.54999999999999
-4.75 8.49999999999999
-4.75 8.449999999999989
-4.75 8.399999999999988
-4.75 8.349999999999987
-4.75 8.299999999999986
-4.75 8.249999999999986
-4.75 8.199999999999985
-4.75 8.149999999999984
-4.75 8.099999999999984
-4.75 8.049999999999983
-4.75 7.999999999999983
-4.75 7.949999999999983
-4.75 7.8999999999999835
-4.75 7.849999999999984
-4.75 7.799999999999984
-4.75 7.749999999999984
-4.75 7.699999999999984
-4.75 7.649999999999984
-4.75 7.5999999999999845
-4.75 7.549999999999985
-4.75 7.499999999999985
-4.75 7.449999999999985
-4.75 7.399999999999985
-4.75 7.349999999999985
-4.75 7.299999999999986
-4.75 7.249999999999986
-4.75 7.199999999999986
-4.75 7.149999999999986
-4.75 7.099999999999986
-4.75 7.0499999999999865
-4.75 6.999999999999987
-4.75 6.949999999999987
-4.75 6.899999999999987
-4.75 6.849999999999987
-4.75 6.799999999999987
-4.75 6.749999999999988
-4.75 6.699999999999988
-4.75 6.649999999999988
-4.75 6.599999999999988
-4.75 6.549999999999988
-4.75 6.4999999999999885
-4.75 6.449999999999989
-4.75 6.399999999999989
-4.75 6.349999999999989
-4.75 6.299999999999989
-4.75 6.249999999999989
-4.75 6.1999999999999895
-4.75 6.14999999999999
-4.75 6.09999999999999
-4.75 6.04999999999999
-4.75 5.99999999999999
-4.75 5.94999999999999
-4.75 5.899999999999991
-4.75 5.849999999999991
-4.75 5.799999999999991
-4.75 5.749999999999991
-4.75 5.699999999999991
-4.75 5.6499999999999915
-4.75 5.599999999999992
-4.75 5.549999999999992
-4.75 5.499999999999992
-4.75 5.449999999999992
-4.75 5.399999999999992
-4.75 5.3499999999999925
-4.75 5.299999999999993
-4.75 5.249999999999993
-4.75 5.199999999999993
-4.75 5.149999999999993
-4.75 5.099999999999993
-4.75 5.049999999999994
-4.75 4.999999999999994
-4.75 4.949999999999994
-4.75 4.899999999999994
-4.75 4.849999999999994
-4.75 4.7999999999999945
-4.75 4.749999999999995
-4.75 4.699999999999995
-4.75 4.649999999999995
-4.75 4.599999999999995
-4.75 4.549999999999995
-4.75 4.499999999999996
-4.75 4.449999999999996
-4.75 4.399999999999996
-4.75 4.349999999999996
-4.75 4.299999999999996
-4.75 4.2499999999999964
-4.75 4.199999999999997
-4.75 4.149999999999997
-4.75 4.099999999999997
-4.75 4.049999999999997
-4.75 3.9999999999999973
-4.75 3.9499999999999975
-4.75 3.8999999999999977
-4.75 3.849999999999998
-4.75 3.799999999999998
-4.75 3.7499999999999982
-4.75 3.6999999999999984
-4.75 3.6499999999999986
-4.75 3.5999999999999988
-4.75 3.549999999999999
-4.75 3.499999999999999
-4.75 3.4499999999999993
-4.75 3.3999999999999995
-4.75 3.3499999999999996
-4.75 3.3
-4.75 3.25
-4.75 3.2
-4.75 3.1500000000000004
-4.75 3.1000000000000005
-4.75 3.0500000000000007
-4.75 3.000000000000001
-4.75 2.950000000000001
-4.75 2.9000000000000012
-4.75 2.8500000000000014
-4.75 2.8000000000000016
-4.75 2.7500000000000018
-4.75 2.700000000000002
-4.75 2.650000000000002
-4.75 2.6000000000000023
-4.75 2.5500000000000025
-4.75 2.5000000000000027
-4.75 2.450000000000003
-4.75 2.400000000000003
-4.75 2.350000000000003
-4.75 2.3000000000000034
-4.75 2.2500000000000036
-4.75 2.2000000000000037
-4.75 2.150000000000004
-4.75 2.100000000000004
-4.75 2.0500000000000043
-4.75 2.0000000000000044
-4.75 1.9500000000000044
-4.75 1.9000000000000044
-4.75 1.8500000000000043
-4.75 1.8000000000000043
-4.75 1.7500000000000042
-4.75 1.7000000000000042
-4.75 1.6500000000000041
-4.75 1.600000000000004
-4.75 1.550000000000004
-4.75 1.500000000000004
-4.75 1.450000000000004
-4.75 1.400000000000004
-4.75 1.3500000000000039
-4.75 1.3000000000000038
-4.75 1.2500000000000038
-4.75 1.2000000000000037
-4.75 1.1500000000000037
-4.75 1.1000000000000036
-4.75 1.0500000000000036
-4.75 1.0000000000000036
-4.75 0.9500000000000035
-4.75 0.9000000000000035
-4.75 0.8500000000000034
-4.75 0.8000000000000034
-4.75 0.7500000000000033
-4.75 0.7000000000000033
-4.75 0.6500000000000032
-4.75 0.6000000000000032
-4.75 0.5500000000000032
-4.75 0.5000000000000031
-4.75 0.4500000000000031
-4.75 0.40000000000000313
-4.75 0.35000000000000314
-4.75 0.30000000000000315
-4.75 0.25000000000000316
-4.75 0.20000000000000318
-4.75 0.1500000000000032
-4.75 0.10000000000000318
-4.75 0.05000000000000318
-4.75 3.1780134079895106e-15
-4.75 -0.049999999999996825
